41.5108
41.57
41.0738
34.4985
24.3321
23.552
23.5019
23.5101
23.4941
23.4587
23.4058
23.2546
23.0403
22.558
21.7946
20.6655
19.4536
18.5319
18.0482
17.7974
17.7476
17.7014
17.6943
17.687
17.6135
17.5673
17.5699
17.4902
17.3927
17.265
17.1037
16.9598
16.7554
16.413
16.1856
15.8039
15.4554
15.1319
14.75
14.4845
14.2614
14.0003
13.8505
13.6858
13.5124
13.3652
13.2846
13.1753
13.1056
13.0234
13.0133
12.9622
12.9349
12.8889
12.856
12.8593
12.8442
12.8364
12.8012
12.8056
12.8055
12.7945
12.7416
12.757
12.6982
12.6878
12.6447
12.6293
12.5617
12.5417
12.4904
12.4505
12.4252
12.3768
12.2948
12.2653
12.2175
12.1809
12.1271
12.065
11.9874
11.9332
11.8774
11.8343
11.7623
11.7266
11.7119
11.6463
11.6088
11.6035
11.6001
11.5872
11.5859
11.5426
11.5553
11.5116
11.4848
11.4955
11.4678
11.4867
11.4846
11.4617
11.4319
11.4084
11.4125
11.4343
11.4124
11.3883
11.394
11.3639
11.4094
11.3463
11.3467
11.3153
11.3103
11.2955
11.2877
11.2942
11.2627
11.2658
11.2538
11.2174
11.1862
11.1441
11.1987
11.184
11.1049
11.1176
11.0898
11.0829
11.0672
10.9802
11.0319
10.9593
10.9953
10.96
10.9211
10.9625
10.8944
10.8811
10.8643
10.9021
10.8305
10.8481
10.8306
10.802
10.7791
10.7838
10.774
10.7335
10.7464
10.7525
10.7355
10.694
10.7174
10.6938
10.6966
10.6804
10.6948
10.6808
10.6799
10.6464
10.6862
10.6428
10.6761
10.6035
10.6305
10.6059
10.6356
10.634
10.6285
10.5988
10.6207
10.5583
10.5897
10.5595
10.6179
10.5892
10.5653
10.5643
10.5582
10.5205
10.5551
10.5135
10.4781
10.5088
10.5302
10.4841
10.5038
10.4829
10.4607
10.4694
10.4659
10.444
10.4223
10.4431
10.4551
10.4078
10.423
10.3934
10.402
10.3926
10.4417
10.3391
10.3795
10.3861
10.3555
10.3617
10.3514
10.3356
10.3087
10.2945
10.2926
10.2983
10.2859
10.2469
10.2689
10.2174
10.2888
10.2772
10.2273
10.2079
10.2298
10.2105
10.2042
10.249
10.1821
10.194
10.1976
10.1898
10.1862
10.1616
10.1493
10.1688
10.1612
10.1296
10.1444
10.1302
10.124
10.1206
10.0879
10.1481
10.1082
10.1058
10.0961
10.0633
10.0538
10.115
10.0796
10.0486
10.0724
10.015
10.0279
10.0287
10.0239
10.0577
10.0004
10.0557
9.98619
9.99779
10.0171
10.0366
9.98128
9.99824
9.99199
9.96231
9.95162
9.96604
9.95423
9.95741
9.94526
9.93642
9.92198
9.91077
9.9238
9.96747
9.91638
9.91488
9.91022
9.91221
9.87361
9.89048
9.88996
9.88473
9.88171
9.87014
9.86774
9.90399
9.88847
9.83722
9.85582
9.85304
9.86888
9.83392
9.84513
9.86805
9.87268
9.85512
9.85706
9.87495
9.82187
9.82384
9.83998
9.83685
9.82459
9.81429
9.81606
9.81428
9.80483
9.80647
9.77122
9.79416
9.77953
9.76903
9.74157
9.76299
9.76936
9.74011
9.74717
9.7706
9.74644
9.74003
9.74816
9.79193
9.74666
9.74993
9.73211
9.71327
9.70877
9.75716
9.73189
9.70377
9.69268
9.73534
9.68562
9.70253
9.75871
9.67286
9.69348
9.70469
9.67803
9.69146
9.69384
9.68706
9.6626
9.678
9.62055
9.64085
9.62163
9.63712
9.61143
9.64558
9.66186
9.62481
9.60599
9.60877
9.63412
9.62174
9.62856
9.6046
9.6008
9.60267
9.58969
9.60345
9.59402
9.55354
9.55498
9.59383
9.55564
9.54022
9.56524
9.56053
9.59581
9.52723
9.53394
9.56349
9.53488
9.52596
9.55405
9.53247
9.53198
9.52834
9.49789
9.51936
9.48148
9.47964
9.49233
9.48985
9.49419
9.51265
9.48179
9.47029
9.46618
9.47749
9.468
9.43777
9.48724
9.46396
9.44667
9.44749
9.47368
9.40282
9.41387
9.40705
9.44967
9.41375
9.44103
9.44076
9.41425
9.41018
9.47191
9.36938
9.37615
9.37747
9.43603
9.41133
9.40893
9.42316
9.40092
9.40302
9.39313
9.38017
9.39463
9.33731
9.36875
9.36546
9.37372
9.3973
9.37632
9.36639
9.36103
9.3526
9.33335
9.35046
9.37415
9.33442
9.37137
9.35528
9.36478
9.33555
9.35625
9.34463
9.33557
9.3506
9.32067
9.34901
9.33704
9.33622
9.34996
9.31282
9.32084
9.29418
9.28839
9.31672
9.2785
9.31927
9.2897
9.28772
9.29762
9.30895
9.28902
9.28054
9.28318
9.28811
9.27342
9.25623
9.28619
9.27621
9.28219
9.32213
9.28984
9.27483
9.23968
9.2294
9.2676
9.26004
9.25491
9.22554
9.23919
9.23798
9.26722
9.26259
9.25724
9.26174
9.21011
9.24066
9.18304
9.24279
9.21881
9.24736
9.24337
9.23553
9.2171
9.20237
9.18177
9.19746
9.21085
9.20656
9.21764
9.19763
9.22122
9.22836
9.20892
9.20828
9.20838
9.21088
9.16574
9.19003
9.18883
9.2111
9.14957
9.1817
9.17893
9.16367
9.20747
9.18977
9.17599
9.16741
9.15179
9.18559
9.16439
9.16139
9.14908
9.16302
9.14366
9.1678
9.18485
9.1307
9.14782
9.17704
9.15573
9.13149
9.16306
9.14103
9.11442
9.1038
9.15317
9.11723
9.13046
9.13127
9.12406
9.14956
9.14505
9.14477
9.09584
9.12535
9.11281
9.11252
9.14745
9.10932
9.13911
9.14221
9.10849
9.1522
9.11964
9.13762
9.12685
9.12472
9.12944
9.10108
9.11323
9.11318
9.12914
9.07417
9.10695
9.07676
9.12481
9.09462
9.08919
9.09197
9.09002
9.03794
9.11396
9.08792
9.08581
9.12811
9.11078
9.08838
9.11712
9.14442
9.10647
9.09644
9.08334
9.09806
9.10427
9.09192
9.08812
9.07411
9.06655
9.07173
9.09362
9.11044
9.06474
9.10259
9.09728
9.07619
9.0643
9.07778
9.06922
9.08042
9.08642
9.10261
9.04487
9.07892
9.08264
9.11381
9.06483
9.05505
9.06566
9.08073
9.05697
9.08139
9.0798
9.08262
9.08481
9.0912
9.06334
9.05969
9.06596
9.0567
9.07087
9.08659
9.05005
9.07321
9.04483
9.05061
9.04359
9.0361
9.09042
9.06646
9.05938
9.10275
9.04134
9.03945
9.04346
9.1059
9.03943
9.02279
9.04538
9.04577
9.02264
9.05333
9.04219
9.06625
9.03461
9.06073
9.0302
9.02271
9.04253
9.04303
9.01632
9.03727
9.04092
9.02048
9.00065
9.02781
9.02406
9.04859
9.03385
9.01775
9.03109
9.00044
9.03519
9.01466
9.03535
8.99868
9.0065
9.04464
9.00401
9.01393
9.01982
9.0091
9.0076
9.01469
9.0119
9.03542
8.99994
8.98169
9.02322
9.01901
9.03144
8.99505
9.03957
8.99601
9.00119
8.99603
8.95737
9.00059
8.959
8.98751
8.97936
8.97486
9.00779
8.98847
8.9862
9.00428
8.97214
8.98753
8.9692
8.97933
8.99468
8.95167
8.95751
8.99633
9.0038
8.96844
8.98263
8.96027
8.97997
8.99913
8.96025
8.95274
8.96253
8.98176
8.99195
8.93895
8.9866
8.94349
8.92883
8.93715
8.95736
8.95366
8.95231
8.94734
8.96551
8.92948
8.95313
8.96037
8.9551
8.93652
8.93834
8.95278
8.95198
8.97533
8.90574
8.91907
8.93399
8.92491
8.92264
8.94051
8.95335
8.9136
8.91249
8.94719
8.94099
8.9046
8.91136
8.95569
8.92428
8.91353
8.93605
8.88968
8.9401
8.90373
8.88798
8.92011
8.9184
8.91959
8.92649
8.90846
8.91395
8.89196
8.89427
8.85617
8.89806
8.88712
8.88559
8.88858
8.90878
8.8788
8.89824
8.84898
8.83688
8.90254
8.87863
8.88036
8.88864
8.88618
8.86802
8.87395
8.86292
8.88507
8.87903
8.87637
8.84436
8.85858
8.86845
8.83815
8.84231
8.87329
8.87626
8.88175
8.83399
8.82804
8.86202
8.87325
8.85225
8.85757
8.85733
8.8564
8.86231
8.83766
8.83798
8.86904
8.86497
8.82647
8.84963
8.84952
8.82674
8.82669
8.86021
8.85834
8.83401
8.83104
8.79
8.85745
8.83992
8.85134
8.84531
8.82514
8.81398
8.82161
8.80564
8.83239
8.7933
8.82758
8.79725
8.78701
8.79882
8.82552
8.7699
8.81288
8.77409
8.78292
8.76808
8.77791
8.78675
8.76557
8.75174
8.76683
8.76624
8.78063
8.80246
8.78982
8.77186
8.74494
8.78027
8.75957
8.76601
8.78305
8.77856
8.75195
8.74908
8.77939
8.76144
8.76416
8.72728
8.74278
8.76954
8.74547
8.75251
8.752
8.73936
8.73699
8.74198
8.73491
8.71022
8.74833
8.73318
8.74902
8.73453
8.72463
8.74127
8.71496
8.73033
8.75339
8.71631
8.72584
8.73143
8.72835
8.6701
8.73552
8.69848
8.70157
8.71672
8.6891
8.72116
8.67077
8.66669
8.66282
8.6984
8.69222
8.67459
8.72589
8.71049
8.70869
8.69376
8.67471
8.70802
8.6967
8.6709
8.6759
8.67173
8.68442
8.67312
8.66659
8.69334
8.69281
8.65747
8.6574
8.6764
8.68024
8.67691
8.65098
8.62891
8.64092
8.67786
8.66955
8.65277
8.65599
8.65222
8.66141
8.64909
8.61156
8.62441
8.61718
8.64449
8.65839
8.61807
8.64494
8.64111
8.61628
8.61588
8.63809
8.62301
8.58456
8.62168
8.58739
8.57559
8.62363
8.61399
8.61133
8.59153
8.59939
8.60229
8.6346
8.56911
8.61072
8.56636
8.60942
8.60589
8.59739
8.5748
8.5721
8.57527
8.62449
8.55699
8.59318
8.60873
8.58697
8.5858
8.57365
8.61578
8.55208
8.58088
8.56162
8.5886
8.54912
8.57587
8.54641
8.57033
8.55635
8.57718
8.57515
8.56419
8.53355
8.55903
8.56586
8.55448
8.49753
8.53968
8.51153
8.53755
8.5537
8.55235
8.55053
8.53238
8.53567
8.50289
8.51839
8.52753
8.52431
8.54824
8.54564
8.53133
8.48461
8.49393
8.51826
8.49013
8.49968
