nan
nan
nan
nan
0.66165
0.404846
0.523763
0.909732
1.00307
0.997198
0.996061
0.998375
0.991262
0.969452
0.942722
0.909055
0.870837
0.843093
0.850317
0.895588
0.945241
0.971902
0.982644
0.996365
1.00294
0.993168
0.985163
0.98137
0.981489
0.98063
0.975534
0.975174
0.96988
0.952616
0.933507
0.931083
0.928338
0.909979
0.904145
0.91309
0.917716
0.918967
0.923722
0.931932
0.938249
0.942228
0.948317
0.946977
0.943543
0.950186
0.961068
0.970303
0.969968
0.967876
0.978374
0.986382
0.984216
0.989366
0.991594
0.98648
0.992219
0.993168
0.987618
0.985842
0.984375
0.996169
1.01225
1.00359
0.986424
0.990802
0.996151
0.996613
1.00343
1.00014
0.988753
0.983527
0.983845
0.985202
0.992313
0.99521
0.996578
1.00435
0.995586
0.98208
0.98574
0.99671
0.998892
0.995215
0.998899
1.00102
1.00052
1.00246
0.996575
0.985199
0.989352
1.00362
1.00412
0.998559
0.999019
0.999451
0.995155
0.995325
1.0077
0.99982
0.985442
0.994616
1.00079
1.01063
1.00907
0.99591
0.998299
0.997629
0.991524
0.989917
0.998525
0.995359
0.984774
0.99892
1.01488
1.00794
0.990209
0.988639
1.00238
1.00244
0.991003
0.989004
1.00338
1.01081
0.99743
0.9961
1.00359
1.00759
1.00798
1.00065
0.995259
0.998445
1.00534
1.00528
1.00216
0.996061
0.998525
1.00702
1.00452
0.997654
0.99484
0.999126
1.00578
1.00703
1.00453
0.999715
0.997791
0.99842
0.996055
1.0028
1.0101
1.01649
1.01461
0.991749
0.990215
1.00622
1.00503
0.997928
1.00096
1.00521
0.998797
0.993074
1.00142
0.999095
0.985407
1.00262
1.01632
0.999062
0.99181
1.00977
1.01381
0.987792
0.989252
1.01139
1.01005
1.00088
1.00019
0.996963
0.996064
0.999932
0.993342
0.990635
0.993959
1.00214
1.01099
1.01073
1.00529
0.994077
0.996406
1.00551
0.990811
0.978305
0.992523
1.01046
1.00312
0.992586
1.00176
1.00677
0.995018
0.982744
0.998068
1.01279
1.00631
1.00043
1.0019
1.00606
0.998512
0.989824
0.994787
1.00497
1.00416
0.999575
0.999731
1.00405
1.00635
1.00005
1.00268
1.00678
0.993405
0.983017
0.9993
1.01721
1.00422
0.991718
0.999605
1.00844
1.00448
1.0001
1.00588
1.00212
0.989452
0.985272
1.00178
1.01086
0.997707
0.995003
0.993189
0.992208
1.00181
0.999276
0.995281
1.00964
1.0151
0.997789
0.995026
1.00472
0.997794
1.00222
1.0097
0.994079
0.991906
1.00293
1.00383
1.00019
1.00459
1.0112
1.00749
0.996279
0.992297
1.00242
1.00532
1.00336
1.00058
0.996249
0.999095
1.00199
1.00631
1.01254
1.00355
0.989285
0.992267
0.994964
0.995521
0.999018
1.00548
1.00682
1.00272
1.00822
1.00188
1.00608
1.0115
0.997743
0.994963
0.991511
0.992987
1.0024
1.00708
1.0086
1.00693
0.994404
0.985608
1.00174
1.01763
1.01761
1.00104
0.981368
0.988122
1.00549
1.01114
1.00788
0.988934
0.982654
1.00467
1.01782
1.00413
0.986975
0.997266
1.01405
1.01087
1.00483
1.00027
0.993133
0.994411
1.00169
1.00341
0.996381
0.98432
0.991564
1.01182
1.01692
1.0079
0.995994
0.995879
1.00727
1.00912
0.987683
0.986585
1.00747
1.00786
1.00828
1.01238
1.00612
0.994346
0.987929
0.986865
0.987163
1.00299
1.01419
1.00214
0.994826
1.00885
1.01238
0.998902
1.00522
1.01107
0.998288
0.990162
0.993591
1.00936
1.0041
0.990366
1.00162
1.00119
1.00315
0.999836
0.989151
1.00875
1.01675
1.00313
0.99732
0.992687
0.989259
1.00246
1.00229
0.980261
1.00062
1.0255
1.00255
0.989104
1.00281
1.0107
0.9964
0.99052
0.998612
0.996481
1.01208
1.02812
1.01197
0.9957
0.988745
0.995235
0.994011
0.993737
1.00901
1.00364
1.00291
1.00846
1.00101
1.00597
1.00804
0.998231
1.00311
1.00957
0.997984
0.982987
0.993113
1.01009
1.00483
0.996181
0.991411
0.998116
1.01025
1.00727
0.992471
0.988163
0.999064
0.999476
0.995313
1.00906
1.01113
0.997203
0.9996
1.00156
1.00295
0.998389
0.998956
1.018
1.01134
0.997449
0.993592
0.99824
1.01039
1.00088
0.996248
1.00805
1.00177
0.991954
0.998508
0.997937
0.993731
1.0048
1.01543
1.0093
0.995698
0.997432
1.00642
1.00468
1.00418
0.996812
0.989404
0.998585
0.9934
0.992461
1.01268
1.008
0.988458
0.992323
1.00821
1.01246
1.00572
0.996764
1.00059
0.996512
0.975913
0.995105
1.01596
1.0033
1.01648
1.01989
0.99523
0.9956
1.00602
0.993999
0.984487
1.00179
1.00682
0.996812
1.00448
1.00598
0.997871
0.995423
0.997684
1.00667
1.00428
0.998965
1.00166
0.992076
0.986591
0.999696
1.01775
1.01942
0.993178
0.987062
1.00995
1.00917
0.997186
0.997157
0.999014
1.00834
1.01438
1.00862
1.00578
1.00089
0.993518
0.992286
0.99304
1.00115
1.00505
0.99312
0.993724
1.00331
1.00182
1.00178
1.00042
0.998208
1.00112
0.998436
1.00313
1.01512
1.01438
1.00816
1.00215
0.9912
0.996937
1.01241
1.00481
0.989926
0.989262
0.993998
1.00074
1.00179
0.997847
0.996316
0.993101
0.996128
1.00451
1.01915
1.01269
1.00085
1.00489
1.00306
1.00262
1.00677
1.00733
0.995579
1.00037
1.01273
0.996688
0.986663
0.996389
0.997064
0.998191
1.00734
0.998902
0.992083
1.00354
1.00537
1.00326
0.999565
0.994229
1.00194
1.0156
1.00449
0.977905
0.983421
1.0054
1.01708
1.01038
0.997175
0.994286
1.00082
1.00894
1.00211
1.00066
1.01051
1.0108
0.996411
0.98603
1.00848
1.02352
1.01518
1.00056
0.979769
0.981412
1.0012
1.01415
1.00417
0.996784
1.00197
0.999124
1.00058
1.00995
1.00715
0.994773
1.00179
1.00233
0.989152
0.991351
0.993342
1.00721
1.016
1.00921
1.00372
0.995455
0.997671
1.00088
1.00066
1.00919
1.00404
0.982194
0.998154
1.01676
1.00413
1.00353
1.0051
1.00167
0.99576
0.989269
0.993972
0.994223
1.00188
1.02031
1.01395
1.00259
0.993358
0.991941
1.00227
0.998338
1.00331
1.01118
0.994885
0.989365
1.00424
1.00979
0.99715
0.983737
0.998656
1.01671
1.00955
1.00083
0.995275
0.989174
0.996658
1.01159
1.00909
0.995487
1.00071
1.00497
0.992998
1.00194
1.00767
0.997444
0.998069
0.997252
0.999107
1.00199
1.00654
1.01295
1.00122
0.992824
0.990115
1.00006
1.0167
1.00046
0.991712
1.0025
0.996115
0.987135
1.00402
1.02626
1.01373
0.992551
0.991097
0.998934
1.00547
1.00865
0.998333
0.989946
1.00334
1.00933
1.00715
1.00558
0.994708
0.989577
0.999802
1.01194
1.00391
0.985585
0.999156
1.01496
1.00173
1.00132
1.00731
0.995912
0.994271
1.01176
1.00886
0.98652
0.983226
0.990718
0.998504
1.00875
1.01835
1.00566
0.981855
0.993511
1.01264
1.00647
0.997451
0.995404
0.995966
0.99342
0.998581
1.00334
1.00267
1.00744
1.00345
1.00618
1.00526
0.991407
0.99051
1.00552
1.0126
1.0034
1.00451
1.00515
0.996848
1.00205
1.00362
0.991527
0.995782
1.00744
0.996237
0.988799
1.00993
1.02061
1.00331
0.99153
0.998804
1.00132
1.00918
1.02097
0.999328
0.989715
0.994592
0.988097
1.00047
1.00986
1.00165
0.999882
1.00321
0.998758
0.997063
0.997579
0.994012
1.00232
1.01096
1.00236
1.00034
1.00925
1.00544
1.00222
0.999502
0.994638
0.997632
0.998181
0.997855
1.00003
1.00759
1.00547
0.995228
1.00149
1.01371
1.00952
0.99918
1.00086
1.00105
0.999317
0.997529
1.00273
1.00906
0.998755
1.00306
1.00573
0.993742
0.999812
1.00278
0.988279
0.988923
1.0143
1.02272
0.999199
0.988977
0.999212
0.99505
0.995626
1.00913
1.00878
1.00622
1.00488
0.997922
0.993098
0.990041
0.998673
1.01473
1.00724
0.996794
0.998199
1.0028
1.01425
1.01493
0.99845
0.990668
0.997629
0.998254
0.997939
1.0006
1.00268
1.0088
1.0104
1.00198
0.997328
0.996716
0.994419
1.00175
1.01469
1.0068
0.989217
0.993795
1.00647
1.00491
1.00033
1.00143
0.994494
0.996589
1.01025
1.01241
1.00685
0.997628
0.993375
1.00178
1.0089
1.00379
0.994391
0.992699
1.00439
1.0105
1.00484
0.992998
0.997301
1.00608
0.999258
1.00914
1.00813
0.99802
1.00001
1.00125
1.00073
0.997528
1.00446
1.00877
0.994159
0.993136
1.01123
1.00459
0.990447
1.00776
1.01498
0.991395
0.984921
0.990838
0.993928
1.00917
1.01693
1.00975
1.00087
0.99209
1.00592
1.02507
1.00639
0.996232
1.00399
0.993846
0.990005
0.997557
1.00772
1.00535
0.999321
1.00152
1.00378
1.01111
1.00147
0.998671
1.01042
1.00738
1.00397
0.994127
0.993476
1.00274
1.00354
1.0113
1.00869
1.00187
0.99682
0.988899
0.99657
1.00005
1.00229
1.00404
0.996959
1.0095
1.01774
1.00309
0.991199
0.996258
1.00235
1.0001
1.0006
1.00315
1.01062
1.0117
1.00702
0.997338
0.992412
1.00382
1.00529
0.995841
1.00149
1.01237
1.00448
1.00036
1.00428
1.0105
1.00706
0.991985
1.00119
1.00289
0.99978
1.01152
0.998834
0.996578
1.01397
1.00566
1.00278
1.01248
1.00357
0.988061
0.985915
1.00428
1.01253
0.998579
0.997121
1.00621
1.00939
1.00134
0.992735
1.00249
1.01273
1.00837
0.998369
0.997261
1.006
1.00686
0.996334
0.996184
0.999179
0.993697
1.00357
1.0222
1.01909
0.99758
0.98702
0.9899
0.999834
1.01172
1.01125
1.00164
1.00073
1.00375
1.0035
1.00514
1.00162
0.998772
1.00146
1.00375
1.00608
1.00832
1.00144
0.993004
0.993036
0.999203
1.01132
1.00974
1.00136
0.999967
0.999827
1.00556
1.01085
1.00825
1.00114
0.997222
0.995615
1.00018
1.00805
1.00985
1.00207
